[gd_scene load_steps=10 format=3 uid="uid://bhtvq5b7yvktt"]

[ext_resource type="Script" path="res://Scripts/Level.cs" id="1_w7c8l"]
[ext_resource type="Script" path="res://Scripts/GameManager.cs" id="1_xitt1"]
[ext_resource type="PackedScene" uid="uid://i7334pqmd0da" path="res://Scenes/Game/AnimatedPlayer.tscn" id="3_pvd75"]
[ext_resource type="PackedScene" uid="uid://dmhlnoq71xl4t" path="res://Scenes/Game/Tiles/Water/WaterTileDeath.tscn" id="5_0jqrj"]
[ext_resource type="Script" path="res://Scripts/DoodePenguin.gd" id="5_n2uy8"]
[ext_resource type="PackedScene" uid="uid://jrbq74tciilg" path="res://Scenes/Game/deadPlayer.tscn" id="5_oemv2"]
[ext_resource type="PackedScene" uid="uid://poxah1udrh5i" path="res://Scenes/Game/orca.tscn" id="7_f4lxw"]

[sub_resource type="ORMMaterial3D" id="ORMMaterial3D_w3gmo"]
albedo_color = Color(1, 0.270588, 0.294118, 1)

[sub_resource type="BoxMesh" id="BoxMesh_ov8lx"]
material = SubResource("ORMMaterial3D_w3gmo")
size = Vector3(3, 3, 1)

[node name="GameManager" type="Node3D"]
script = ExtResource("1_xitt1")

[node name="DirectionalLight3D" type="DirectionalLight3D" parent="."]
transform = Transform3D(1, 0, 0, 0, 0.000733093, 1, 0, -1, 0.000733093, 30, 50, 50)
light_energy = 0.496

[node name="Camera3D" type="Camera3D" parent="."]
transform = Transform3D(4.37114e-08, -1, -4.37114e-08, 0, -4.37114e-08, 1, 1, 4.37114e-08, 1.91069e-15, 30, 45, 50)
current = true

[node name="LevelScript" type="Node3D" parent="."]
script = ExtResource("1_w7c8l")

[node name="Abilities" type="Node" parent="."]

[node name="DoodePenguin" type="Node" parent="."]
script = ExtResource("5_n2uy8")

[node name="MeshInstance3D" type="MeshInstance3D" parent="DoodePenguin"]
transform = Transform3D(1, 0, 0, 0, 1, 0, 0, 0, 1, 22.8981, -16.4353, 23.087)
mesh = SubResource("BoxMesh_ov8lx")
skeleton = NodePath("../..")

[node name="MeshInstance3D2" type="MeshInstance3D" parent="DoodePenguin"]
transform = Transform3D(0.728789, 0, -0.684738, 0, 1, 0, 0.684738, 0, 0.728789, 24.4391, -16.4353, 24.2172)
mesh = SubResource("BoxMesh_ov8lx")
skeleton = NodePath("../..")

[node name="MeshInstance3D3" type="MeshInstance3D" parent="DoodePenguin"]
transform = Transform3D(0.479933, 0, 0.877305, 0, 1, 0, -0.877305, 0, 0.479933, 20.6897, -16.4353, 24.2172)
mesh = SubResource("BoxMesh_ov8lx")
skeleton = NodePath("../..")

[node name="MeshInstance3D4" type="MeshInstance3D" parent="DoodePenguin"]
transform = Transform3D(0.545473, 0.838115, 0.0047822, -0.0656959, 0.0484441, -0.996663, -0.83555, 0.543338, 0.0814858, 21.6723, -18.4449, 24.7953)
mesh = SubResource("BoxMesh_ov8lx")
skeleton = NodePath("../..")

[node name="MeshInstance3D5" type="MeshInstance3D" parent="DoodePenguin"]
transform = Transform3D(0.545473, 0.838115, 0.0047822, -0.0656959, 0.0484441, -0.996663, -0.83555, 0.543338, 0.0814858, 24.1576, -18.4252, 24.7953)
mesh = SubResource("BoxMesh_ov8lx")
skeleton = NodePath("../..")

[node name="MeshInstance3D6" type="MeshInstance3D" parent="DoodePenguin"]
transform = Transform3D(0.545473, 0.838115, 0.0047822, -0.0656959, 0.0484441, -0.996663, -0.83555, 0.543338, 0.0814858, 22.7805, -18.5213, 24.0963)
mesh = SubResource("BoxMesh_ov8lx")
skeleton = NodePath("../..")

[node name="MeshInstance3D7" type="MeshInstance3D" parent="DoodePenguin"]
transform = Transform3D(0.545473, 0.838115, 0.0047822, -0.0656959, 0.0484441, -0.996663, -0.83555, 0.543338, 0.0814858, 21.6723, -14.7286, 24.7953)
mesh = SubResource("BoxMesh_ov8lx")
skeleton = NodePath("../..")

[node name="MeshInstance3D8" type="MeshInstance3D" parent="DoodePenguin"]
transform = Transform3D(0.545473, 0.838115, 0.0047822, -0.0656959, 0.0484441, -0.996663, -0.83555, 0.543338, 0.0814858, 24.1576, -14.709, 24.7953)
mesh = SubResource("BoxMesh_ov8lx")
skeleton = NodePath("../..")

[node name="MeshInstance3D9" type="MeshInstance3D" parent="DoodePenguin"]
transform = Transform3D(0.545473, 0.838115, 0.0047822, -0.0656959, 0.0484441, -0.996663, -0.83555, 0.543338, 0.0814858, 22.7805, -14.8051, 24.0963)
mesh = SubResource("BoxMesh_ov8lx")
skeleton = NodePath("../..")

[node name="CameraDeath" type="Camera3D" parent="DoodePenguin"]
transform = Transform3D(1, 0, 0, 0, 0.967339, 0.253488, 0, -0.253488, 0.967339, 22.7297, -15.8592, 27.6221)

[node name="MeshInstance3D10" type="MeshInstance3D" parent="DoodePenguin"]
transform = Transform3D(0.0894854, 0, 0.995988, 0, 1, 0, -0.995988, 0, 0.0894854, 19.8615, -16.4353, 25.7929)
mesh = SubResource("BoxMesh_ov8lx")
skeleton = NodePath("../..")

[node name="MeshInstance3D11" type="MeshInstance3D" parent="DoodePenguin"]
transform = Transform3D(0.0894854, 0, 0.995988, 0, 1, 0, -0.995988, 0, 0.0894854, 25.5117, -16.4353, 25.7929)
mesh = SubResource("BoxMesh_ov8lx")
skeleton = NodePath("../..")

[node name="Dead Pinguin" parent="DoodePenguin" instance=ExtResource("5_oemv2")]
transform = Transform3D(1, 0, 0, 0, 0.000366525, -1, 0, 1, 0.000366525, 22.9044, -17.3191, 24.4807)

[node name="WaterTileDeath" parent="DoodePenguin" instance=ExtResource("5_0jqrj")]
transform = Transform3D(1, 0, 0, 0, 1, 0, 0, 0, 1, 22.7402, -17.8269, 26.1314)

[node name="Penguin" parent="." instance=ExtResource("3_pvd75")]

[node name="Skeleton3D" parent="Penguin/Twistpivot/Armature_001" index="0"]
bones/0/position = Vector3(4.55858e-10, -0.680051, 0)
bones/0/rotation = Quaternion(0, 0, 0.0613087, 0.998119)
bones/1/rotation = Quaternion(-0.0293924, -0.035414, -0.644525, 0.763197)
bones/2/rotation = Quaternion(-0.165009, -0.12012, -0.622507, 0.755532)
bones/3/rotation = Quaternion(-0.0680808, -0.0142432, 0.0330378, 0.997031)
bones/4/rotation = Quaternion(-0.0745115, -0.0215748, -0.0191931, 0.996802)
bones/5/rotation = Quaternion(0.00453741, -0.00657364, 0.00870718, 0.99993)
bones/6/rotation = Quaternion(-0.0288535, 0.0104849, -0.0279902, 0.999137)
bones/8/rotation = Quaternion(0.0921008, -0.0677361, 0.622633, 0.774117)
bones/9/rotation = Quaternion(-0.0455463, 9.80028e-05, 0.0513444, 0.997642)
bones/10/rotation = Quaternion(0.0155069, 0.0502216, -0.00564218, 0.998602)
bones/11/position = Vector3(-3.81595e-10, -0.680051, -4.08757e-09)
bones/11/rotation = Quaternion(0.535331, 0.632303, 0.342612, -0.442979)
bones/13/rotation = Quaternion(-0.136601, -0.202621, 0.794252, 0.556281)
bones/14/position = Vector3(-2.2507e-09, -0.680051, -6.35582e-09)
bones/14/rotation = Quaternion(-0.574462, 0.50906, 0.476098, 0.429164)
bones/16/rotation = Quaternion(0.123643, -0.00362714, 0.852911, -0.50719)

[node name="OmniLight3D" type="OmniLight3D" parent="."]
transform = Transform3D(1, 0, 0, 0, 1, 0, 0, 0, 1, 22.8637, -16.3469, 27.9938)
light_energy = 0.5

[node name="orca" parent="." instance=ExtResource("7_f4lxw")]
transform = Transform3D(-1, 0, -0.00075046, 0, 1, 0, 0.00075046, 0, -1, 3.86007, -3.4395, -10.1381)
player_path = NodePath("../Penguin")

[editable path="Penguin"]
